87.8547
37.5937
26.1869
67.1639
33.6985
46.8569
38.5754
52.0162
61.9285
64.2441
52.7128
31.0618
33.0614
55.8461
6.3140
26.5111
18.6846
43.4411
59.7044
97.2950
49.9175
28.6472
40.9290
59.1644
70.4369
40.8185
49.9078
73.7172
54.4748
51.6078
43.3786
42.3074
71.1601
39.3668
49.0546
29.3236
62.0749
54.9835
58.8309
49.4615
35.1580
48.2937
24.3178
43.2281
96.1438
83.4463
67.3555
58.7613
66.5311
57.7900
68.6350
74.1153
29.5748
46.1802
49.4570
38.8976
30.1163
75.4424
63.3563
31.7845
28.9464
58.5440
36.2232
26.0340
45.0508
33.1053
66.9923
96.1315
15.9809
66.7501
58.4486
33.1489
69.2332
32.2325
12.3550
27.5337
61.5633
58.2062
70.0531
59.8155
75.2071
9.9037
43.9099
42.7359
48.8423
71.3437
36.4715
55.0491
11.7867
31.6929
68.8029
15.1307
78.2969
40.3180
60.5553
26.4744
65.0962
49.9718
75.0812
39.0651