6.314
9.9037
11.7867
12.355
15.1307
15.9809
18.6846
24.3178
26.034
26.1869
26.4744
26.5111
27.5337
28.6472
28.9464
29.3236
29.5748
30.1163
31.0618
31.6929
31.7845
32.2325
33.0614
33.1053
33.1489
33.6985
35.158
36.2232
36.4715
37.5937
38.5754
38.8976
39.0651
39.3668
40.318
40.8185
40.929
42.3074
42.7359
43.2281
43.3786
43.4411
43.9099
45.0508
46.1802
46.8569
48.2937
48.8423
49.0546
49.457
49.4615
49.9078
49.9175
49.9718
51.6078
52.0162
52.7128
54.4748
54.9835
55.0491
55.8461
57.79
58.2062
58.4486
58.544
58.7613
58.8309
59.1644
59.7044
59.8155
60.5553
61.5633
61.9285
62.0749
63.3563
64.2441
65.0962
66.5311
66.7501
66.9923
67.1639
67.3555
68.635
68.8029
69.2332
70.0531
70.4369
71.1601
71.3437
73.7172
74.1153
75.0812
75.2071
75.4424
78.2969
83.4463
87.8547
96.1315
96.1438
97.295
